%YAML:1.0
---
R: !!opencv-matrix
   rows: 3
   cols: 3
   dt: d
   data: [ 9.9938991874681937e-01, -3.4314299919980605e-02,
       -6.5053153826296574e-03, 3.4374900802696902e-02,
       9.9936438066676692e-01, 9.4446201265166660e-03,
       6.1770949507521230e-03, -9.6624777118022032e-03,
       9.9993423784888891e-01 ]
T: !!opencv-matrix
   rows: 3
   cols: 1
   dt: d
   data: [ -5.0963861786036868e-01, -9.9422651822269024e-03,
       -8.7037922441656878e-03 ]
R1: !!opencv-matrix
   rows: 3
   cols: 3
   dt: d
   data: [ 9.9983000318869064e-01, -1.4978224283178574e-02,
       1.0752558812936193e-02, 1.4927937872316634e-02,
       9.9987732837788135e-01, 4.7418210416148845e-03,
       -1.0822263838176662e-02, -4.5805014172300507e-03,
       9.9993094642189351e-01 ]
R2: !!opencv-matrix
   rows: 3
   cols: 3
   dt: d
   data: [ 9.9966404414145094e-01, 1.9501907178302705e-02,
       1.7072623324144946e-02, -1.9422106953240963e-02,
       9.9979971809909851e-01, -4.8275719010688941e-03,
       -1.7163350845803414e-02, 4.4943637338322419e-03,
       9.9984259765343653e-01 ]
P1: !!opencv-matrix
   rows: 3
   cols: 4
   dt: d
   data: [ 3.0149734035222755e+03, 0., 6.4905710601806641e+02, 0., 0.,
       3.0149734035222755e+03, 5.6511994934082031e+02, 0., 0., 0., 1.,
       0. ]
P2: !!opencv-matrix
   rows: 3
   cols: 4
   dt: d
   data: [ 3.0149734035222755e+03, 0., 6.4905710601806641e+02,
       -1.5370632636652533e+03, 0., 3.0149734035222755e+03,
       5.6511994934082031e+02, 0., 0., 0., 1., 0. ]
Q: !!opencv-matrix
   rows: 4
   cols: 4
   dt: d
   data: [ 1., 0., 0., -6.4905710601806641e+02, 0., 1., 0.,
       -5.6511994934082031e+02, 0., 0., 0., 3.0149734035222755e+03, 0.,
       0., 1.9615154917780186e+00, 0. ]
