<?xml version="1.0"?>
<opencv_storage>
<calibration_time>"qui 12 out 2023 21:35:31"</calibration_time>
<nframes>109</nframes>
<image_width>1280</image_width>
<image_height>720</image_height>
<board_width>11</board_width>
<board_height>8</board_height>
<square_size>2.9999999329447746e-02</square_size>
<aspectRatio>1.</aspectRatio>
<flags>2</flags>
<camera_matrix type_id="opencv-matrix">
  <rows>3</rows>
  <cols>3</cols>
  <dt>d</dt>
  <data>
    3.7155818035126213e+03 0. 6.7511857142134875e+02 0.
    3.7155818035126213e+03 5.6150325976852776e+02 0. 0. 1.</data></camera_matrix>
<distortion_coefficients type_id="opencv-matrix">
  <rows>5</rows>
  <cols>1</cols>
  <dt>d</dt>
  <data>
    -5.0995527245740613e-01 5.6121721827865949e+00
    1.0096376046096771e-03 1.9172146999916614e-03
    -6.4435366667255920e+01</data></distortion_coefficients>
<avg_reprojection_error>2.2210414200698611e-01</avg_reprojection_error>
</opencv_storage>
  
