<?xml version="1.0"?>
<opencv_storage>
<calibration_time>"qui 12 out 2023 21:28:08"</calibration_time>
<nframes>117</nframes>
<image_width>1280</image_width>
<image_height>720</image_height>
<board_width>11</board_width>
<board_height>8</board_height>
<square_size>2.9999999329447746e-02</square_size>
<aspectRatio>1.</aspectRatio>
<flags>2</flags>
<camera_matrix type_id="opencv-matrix">
  <rows>3</rows>
  <cols>3</cols>
  <dt>d</dt>
  <data>
    3.7138171427768912e+03 0. 7.2278554588745612e+02 0.
    3.7138171427768912e+03 5.5684334596993995e+02 0. 0. 1.</data></camera_matrix>
<distortion_coefficients type_id="opencv-matrix">
  <rows>5</rows>
  <cols>1</cols>
  <dt>d</dt>
  <data>
    -3.6655675790837305e-01 -9.9154940292191507e-01
    2.7696515795116385e-03 -8.1665217543512824e-05
    1.4559591026093113e+01</data></distortion_coefficients>
<avg_reprojection_error>1.9093274729167342e-01</avg_reprojection_error>
</opencv_storage>